708030701
415875646
123720588
831565531
539410444
247255302
955100025
662944362
370787712
78628478
786462488
494278778
202048700
909697238
617027956
323526634
27847003
726464494
410151624
54750585
597015400
871365919
444307705
180937606
110040576
452874638
844428898
968412660
240964730
226792249
203877780
441461907
469283801
607320409
285763383
475210759
657264957
306135219
362846869
176266601
851969209
357812327
491794144
680051521
402996879
675730638
63141592
244795766
694502378
154123075
129855162
715873442
478358361
764106172
443175993
778948979
691509423
677729094
308138979
797460297
219325664
579911790
824116108
780454252
989575691
244913171
386115515
138696374
839547941
773833081
460148259
169119978
194031282
144104791
553725339
416824781
180813884
193993076
53852865
204564365
381150392
344508289
642307278
156657655
986221140
544872507
975574466
293340274
400247082
987513014
226715300
941367578
430433415
767289991
873105189
438005523
611202661
150205048
178326405
307999405
551679632
15871229
832996134
696646813
346941542
310642647
427918821
692513826
245490246
516292107
652188849
665544802
446183507
651211266
362123417
166299708
744384027
550928263
268944249
492915568
323281118
466874046
943754868
107271976
997410102
380774924
517198879
419573501
866741009
182336481
558423004
247554671
815330755
705994910
686678888
614534255
293883966
280545329
437647295
798759418
601461400
524922820
369072686
854528461
343213490
200280408
159263721
55614330
662150441
461875735
973504102
315869025
187633898
629187454
250707091
842336324
164328219
707298558
182841513
235123917
85052025
751177814
68250906
521968280
734671152
87686245
102652530
963160152
698340566
211998055
186413977
764628114
693478445
70439161
441094856
344725067
853583874
645153926
679629144
160108597
735695616
150601053
988354232
255332156
387136636
684196003
612193475
267750384
475047508
610005822
976207500
108478062
307711957
941766931
813321800
962555302
707324790
961023621
145974468
615752065
395328563
615866821
542271671
561728095
154472640
374029992
900737626
722083290
120192780
953955736
517915210
836810826
690318314
392725294
107218878
9072782
460921042
375392032
127736874
931080551
49546836
62382173
443202022
33606346
884779619
308675210
189968860
870734351
492517279
137880713
912968228
53647435
161377700
804669411
87594384
753857751
930502984
254955439
512447721
421252226
350953591
692033313
246351228
29005392
283430101
724830187
255385850
866432903
629798504
769628395
817153033
915864617
896909444
494268736
58238189
905723669
637147024
736868022
57544047
672787546
950778395
922443838
312385713
263482308
479766613
930459328
819189554
787623921
557133191
650163038
912679704
360136241
192925599
996773540
328464373
272625353
526353855
96314767
305405414
115652829
90240831
956693826
334401177
354006657
788052141
823519499
248812484
242160494
549847934
232498630
725699691
275588555
184990499
116243862
753538411
487105072
803446919
771842185
113622531
923504725
238977494
215862404
251547208
426809377
962003747
437417337
373556422
751652754
994895323
391619356
383641571
8076841
934453121
134239322
852314348
851845865
177458057
199855801
986529508
369245525
775812563
657890309
942649185
959940725
772149136
236575496
862738850
321895192
118293549
93424945
267513443
859740208
507424654
903343912
488509889
893181247
567121993
229365549
587248147
43745034
100445782
859143806
123629770
203482332
223646712
249379957
351507979
677251467
597446567
77381046
660801964
515860200
606184981
359350018
865769296
969111014
109965820
766437486
932246590
110451166
816504756
93709853
556520520
4996336
224862074
773232402
535726569
612087690
415925816
88328012
638945422
955644377
692372762
923107910
215833890
200525639
199123836
547475617
931181693
71197061
444786055
762786590
680448131
452681158
188967637
962842995
885431502
216570604
624648360
854991447
475191882
442699048
62269041
290720802
693755022
11654842
899569048
582660749
81270594
231257376
82626425
815857996
960822754
291890659
769534845
500804682
846375227
781222218
869597857
829282985
249367932
179342865
178587919
875753359
597409809
694618939
893995081
24319570
845322133
807410508
502078281
253398436
442096339
886275095
659518653
164475782
535508831
773056042
744069828
48969177
622058667
665832972
853471608
2018404
889425394
32504734
203741002
203775659
662048573
666237851
849937982
26254290
908312
377959272
163863323
773929736
447630108
488070031
565094630
385133706
504450895
115855783
315460518
224431300
673300394
32498350
582784625
796006950
806949124
548114795
682231117
264975877
800655327
746510373
969957544
616005476
252263584
436551459
274718441
526492995
365211140
551152504
191819916
849442280
103203407
128425925
871893826
998636467
556957963
26741293
799331279
568879354
26495076
551355659
589883142
102166482
522050511
190980714
699448786
477484255
224684073
609809541
939547592
465197742
633971633
536204621
995691177
393479313
48918657
539010036
