708030701
415875645
123720581
831565505
539410365
247255081
955099429
662942781
370783549
78617552
786433853
494203777
201852308
909183037
615681717
320002088
18619572
702306713
346905676
889170493
163521005
736462802
473092705
402195677
745029741
136583994
260567758
533119839
518947360
496032893
733617022
761438918
899475528
577918504
767365882
949420082
598290346
655001998
468421732
144124333
649967462
783949281
972206660
695152020
967885781
355296737
536950913
986657527
446278226
667588778
129855162
715873440
478358347
764106120
443175835
778948537
691508231
677725932
308130653
797438445
219268394
579761788
823723324
779425850
986883213
237864079
367660653
90380812
713056045
442672879
593159478
899313753
251601282
586620933
823703660
784243502
13091613
323407443
609818125
743045653
440628867
984462311
502690723
97853845
949426129
493291144
857625244
991073832
611396808
923228478
822711815
793641477
391258438
797490989
2882975
797137730
558821294
633928561
681878110
334930802
551679632
15871226
832996113
696646735
346941305
310641984
427917033
692509083
245477757
516259329
652102944
665319799
445594331
649668663
358084700
155726070
716701734
478454920
79206405
996175274
22797942
62164695
30109859
771046189
902377579
431903001
765615477
113695047
700688890
990058413
147640712
207485695
105905918
617789195
131486367
37162206
116960133
327145657
754371884
702332614
995456168
803333673
810310225
899829958
37880178
238978714
580691675
281199595
917477994
2272826
973504102
315869021
187633870
629187350
250706775
842335440
164325835
707292234
182824861
235080213
84937485
750877810
67465338
519911476
729286196
73588061
65742806
866529028
445356774
549677660
452436415
225015646
808618445
955471445
981051498
79562500
518139332
903982660
791559655
237071164
854652566
430509088
709121122
137724536
313546614
581033277
376295031
663217491
897346960
481436750
168200512
813025869
229362003
2168918
72877381
680819707
602562056
928470638
153077869
669614859
395328563
615866816
542271636
561727965
154472245
374028887
900734646
722075385
120171965
953901106
517772035
836435821
689336354
390154289
100487683
991450061
414783887
254603127
811507143
103180046
882074888
387866597
587127022
139896692
59725408
727222008
270663187
694270264
882430420
484083924
561664411
653532481
312336317
657659886
495606861
124904339
635629929
999289325
40322027
260540886
340944865
822718065
648413790
104507887
107874584
122660691
624432437
575741672
388677753
336956883
817153033
915864611
896909402
494268580
58237715
905722343
637143448
736858536
57519069
672721990
950606585
921993832
311207361
260397102
471689179
909312052
763824968
642677235
177657503
656682441
311713352
550717548
365635599
324321948
138399327
374881507
23187042
484557868
973301185
731096684
268676256
876555874
915551521
177595227
677667108
668775410
894964827
335361150
183297103
39645022
513689218
832410261
67465568
206846856
142871787
564501684
646302818
223012706
624277637
4298907
238977494
215862397
251547159
426809195
962003194
437415790
373552250
751641687
994866182
391542874
383441126
7551834
933078377
130639915
842890675
827174043
112866040
30751334
543807872
210184827
741351825
713568499
144144176
508747204
217073246
22541006
775710906
274845472
64171941
978109444
975688110
99579258
518766716
697530577
859727355
212646472
154299716
671432984
326272179
818749167
686433571
842102457
486517355
309185825
177868990
6342668
668173199
870283749
859877521
671640940
660801964
515860192
606184925
359349810
865768664
969109246
109961052
766424838
932213286
110363758
816275676
93109845
554949384
882728
214092162
745036034
461907121
418825442
909958241
763687222
170990289
876419450
922652762
693172460
295747165
670200514
528234761
65133076
155042706
225122195
682699955
322602651
121981911
217465918
41787593
756517543
413634614
7504809
469247255
597853303
859177924
851794653
905569142
411524794
212866193
448183661
690043580
517554783
95477396
338982964
82626425
815857987
960822691
291890425
769534134
500802693
846369863
781207989
869560390
829184651
249110217
178667856
176820391
871125550
585293658
662898025
810948202
806899550
276108601
317189608
600628762
39270392
701161339
877597716
374421084
317860013
280758616
855420689
245913471
472134955
389711800
545626044
725197115
737401268
223847840
300388605
672969512
343576643
612222331
376957439
31922268
861486849
324620920
513863763
247863396
890024654
711913961
164825817
331077280
6324988
504450895
115855773
315460448
224431040
673299604
32496140
582778665
795991140
806907494
548005535
681944767
264225867
798691407
741368363
956495154
580760016
159989274
194973649
642258970
870692003
30267226
202121343
479669916
62022963
453095003
965519521
33282471
645708293
336784236
719147715
96723645
768649437
328412310
257336609
405908087
844259676
932304410
679648477
755197407
156061575
204666621
871179045
743672707
616202732
282860599
331865638
733784342
812096860
566677164
673667021
